0.78750000      0.19532510      0.61418629    
1.57500000      0.38486744      5.63481425    
2.36250000      0.67909364      45.69655828   
3.15000000      0.81657000      27.85180680   
3.93750000      0.87731906      6.59523107    
4.72500000      0.90905007      6.33588993  
5.51250000      0.92721214      1.89182056  
6.30000000      0.93534940      1.16249686  
7.08750000      0.93954428      1.29322562  
7.87500000      0.94282658      1.00395773  
8.66250000      0.94577546      0.62287177  
